63 27
12 16
4 3 3 1 2 6 2 4 5 5 3 2 4 1 2 3 5 5 8 5 5 5 7 7 6 4 8 7 8 6 4 7 8 8 7 9 12 11 8 8 8 6 10 7 8 6 6 10 7 10 9 9 9 10 6 8 6 9 7 6 6 2 1
14 14 14 14 14 14 14 14 14 14 14 14 14 14 14 14 14 14 14 14 14 14 14 14 16 16 16
1 4 8 17 0 0 0 0 0 0 0 0
2 14 18 0 0 0 0 0 0 0 0 0
3 12 21 0 0 0 0 0 0 0 0 0
4 0 0 0 0 0 0 0 0 0 0 0
5 10 0 0 0 0 0 0 0 0 0 0
6 8 16 20 24 26 0 0 0 0 0 0
7 27 0 0 0 0 0 0 0 0 0 0
3 8 9 23 0 0 0 0 0 0 0 0
9 17 20 26 27 0 0 0 0 0 0 0
7 10 18 25 27 0 0 0 0 0 0 0
11 23 24 0 0 0 0 0 0 0 0 0
6 9 0 0 0 0 0 0 0 0 0 0
13 24 25 27 0 0 0 0 0 0 0 0
14 0 0 0 0 0 0 0 0 0 0 0
15 27 0 0 0 0 0 0 0 0 0 0
3 6 20 0 0 0 0 0 0 0 0 0
6 7 11 19 20 0 0 0 0 0 0 0
7 10 15 23 27 0 0 0 0 0 0 0
1 13 14 20 22 23 25 26 0 0 0 0
3 6 7 19 25 0 0 0 0 0 0 0
3 11 12 23 25 0 0 0 0 0 0 0
6 9 10 11 22 0 0 0 0 0 0 0
2 5 6 10 13 20 26 0 0 0 0 0
3 7 8 9 13 16 21 0 0 0 0 0
1 4 8 11 15 23 0 0 0 0 0 0
2 6 10 15 0 0 0 0 0 0 0 0
11 12 13 14 17 19 21 26 0 0 0 0
4 8 11 15 18 19 26 0 0 0 0 0
1 5 9 13 22 24 26 27 0 0 0 0
1 13 16 19 22 24 0 0 0 0 0 0
9 11 12 14 0 0 0 0 0 0 0 0
6 9 12 14 15 20 22 0 0 0 0 0
1 2 5 7 9 13 17 24 0 0 0 0
2 5 16 18 19 21 23 27 0 0 0 0
1 4 12 14 16 20 21 0 0 0 0 0
1 2 3 4 7 9 22 26 27 0 0 0
5 6 9 11 12 17 20 21 23 25 26 27
4 6 7 8 10 12 16 17 18 25 26 0
1 5 6 13 18 20 23 27 0 0 0 0
2 3 5 7 8 16 20 26 0 0 0 0
3 7 12 15 16 17 21 23 0 0 0 0
4 10 11 18 20 23 0 0 0 0 0 0
3 5 6 7 10 11 17 19 24 25 0 0
11 13 15 16 17 18 23 0 0 0 0 0
1 8 10 13 18 20 22 24 0 0 0 0
7 13 15 19 26 27 0 0 0 0 0 0
8 12 14 17 23 26 0 0 0 0 0 0
8 9 11 15 18 19 20 22 25 27 0 0
2 3 5 7 8 15 26 0 0 0 0 0
1 3 13 16 19 21 22 23 24 25 0 0
1 3 4 6 10 14 15 19 25 0 0 0
1 2 8 10 12 14 22 24 25 0 0 0
8 9 10 12 17 19 21 22 24 0 0 0
2 3 4 5 12 14 15 18 24 25 0 0
5 9 16 21 22 27 0 0 0 0 0 0
1 2 4 5 10 11 16 19 0 0 0 0
2 15 16 21 24 26 0 0 0 0 0 0
4 12 13 17 21 22 24 25 27 0 0 0
2 4 17 18 19 25 27 0 0 0 0 0
5 14 17 18 21 26 0 0 0 0 0 0
4 14 16 18 22 25 0 0 0 0 0 0
2 14 0 0 0 0 0 0 0 0 0 0
21 0 0 0 0 0 0 0 0 0 0 0
1 19 25 29 30 33 35 36 39 45 50 51 52 56 0 0
2 23 26 33 34 36 40 49 52 54 56 57 59 62 0 0
3 8 16 20 21 24 36 40 41 43 49 50 51 54 0 0
1 4 25 28 35 36 38 42 51 54 56 58 59 61 0 0
5 23 29 33 34 37 39 40 43 49 54 55 56 60 0 0
6 12 16 17 20 22 23 26 32 37 38 39 43 51 0 0
7 10 17 18 20 24 33 36 38 40 41 43 46 49 0 0
1 6 8 24 25 28 38 40 45 47 48 49 52 53 0 0
8 9 12 22 24 29 31 32 33 36 37 48 53 55 0 0
5 10 18 22 23 26 38 42 43 45 51 52 53 56 0 0
11 17 21 22 25 27 28 31 37 42 43 44 48 56 0 0
3 21 27 31 32 35 37 38 41 47 52 53 54 58 0 0
13 19 23 24 27 29 30 33 39 44 45 46 50 58 0 0
2 14 19 27 31 32 35 47 51 52 54 60 61 62 0 0
15 18 25 26 28 32 41 44 46 48 49 51 54 57 0 0
6 24 30 34 35 38 40 41 44 50 55 56 57 61 0 0
1 9 27 33 37 38 41 43 44 47 53 58 59 60 0 0
2 10 28 34 38 39 42 44 45 48 54 59 60 61 0 0
17 20 27 28 30 34 43 46 48 50 51 53 56 59 0 0
6 9 16 17 19 23 32 35 37 39 40 42 45 48 0 0
3 24 27 34 35 37 41 50 53 55 57 58 60 63 0 0
19 22 29 30 32 36 45 48 50 52 53 55 58 61 0 0
8 11 18 19 21 25 34 37 39 41 42 44 47 50 0 0
6 11 13 29 30 33 43 45 50 52 53 54 57 58 0 0
10 13 19 20 21 37 38 43 48 50 51 52 54 58 59 61
6 9 19 23 27 28 29 36 37 38 40 46 47 49 57 60
7 9 10 13 15 18 29 34 36 37 39 46 48 55 58 59
