63 18
8 16
6 5 4 2 6 2 6 2 3 5 5 3 3 4 5 2 7 4 5 5 5 8 4 5 6 2 2 4 7 8 1 6 7 4 7 8 6 6 4 7 1 5 6 7 8 4 4 4 3 6 5 5 2 3 4 2 4 8 3 3 3 3 4
16 16 16 16 16 16 16 16 16 16 16 16 16 16 16 16 16 16
1 2 9 12 14 16 0 0
2 4 5 12 17 0 0 0
1 3 9 15 0 0 0 0
4 13 0 0 0 0 0 0
2 8 12 15 17 18 0 0
6 7 0 0 0 0 0 0
1 4 6 14 15 18 0 0
1 17 0 0 0 0 0 0
1 5 12 0 0 0 0 0
4 5 6 10 11 0 0 0
1 8 10 15 16 0 0 0
3 15 16 0 0 0 0 0
3 5 18 0 0 0 0 0
3 6 13 15 0 0 0 0
9 10 13 16 17 0 0 0
7 17 0 0 0 0 0 0
2 3 4 7 10 12 14 0
2 4 13 14 0 0 0 0
11 12 16 17 18 0 0 0
7 9 11 12 15 0 0 0
4 8 10 11 14 0 0 0
2 3 6 8 9 10 12 13
1 3 10 12 0 0 0 0
2 6 7 11 12 0 0 0
5 6 8 9 10 14 0 0
3 5 0 0 0 0 0 0
6 16 0 0 0 0 0 0
1 2 6 9 0 0 0 0
2 3 6 8 11 16 18 0
1 2 5 11 12 13 16 18
17 0 0 0 0 0 0 0
2 5 7 13 16 17 0 0
1 4 11 13 14 16 18 0
3 4 7 16 0 0 0 0
6 7 9 12 13 14 15 0
1 3 5 9 11 13 14 17
5 7 8 10 13 18 0 0
3 4 5 7 14 17 0 0
7 8 9 14 0 0 0 0
4 5 6 8 12 14 16 0
11 0 0 0 0 0 0 0
3 8 10 12 17 0 0 0
1 3 8 11 13 17 0 0
1 2 4 8 10 15 17 0
3 4 6 7 11 15 16 18
4 14 15 17 0 0 0 0
1 6 10 18 0 0 0 0
4 12 13 18 0 0 0 0
2 11 15 0 0 0 0 0
7 8 10 11 16 18 0 0
2 3 9 14 18 0 0 0
5 9 11 16 18 0 0 0
6 13 0 0 0 0 0 0
2 12 15 0 0 0 0 0
7 8 13 15 0 0 0 0
9 14 0 0 0 0 0 0
2 5 7 10 0 0 0 0
9 10 11 14 15 16 17 18
1 5 6 0 0 0 0 0
1 4 8 0 0 0 0 0
10 13 15 0 0 0 0 0
5 8 9 0 0 0 0 0
7 9 17 18 0 0 0 0
1 3 7 8 9 11 23 28 30 33 36 43 44 47 59 60
1 2 5 17 18 22 24 28 29 30 32 44 49 51 54 57
3 12 13 14 17 22 23 26 29 34 36 38 42 43 45 51
2 4 7 10 17 18 21 33 34 38 40 44 45 46 48 60
2 9 10 13 25 26 30 32 36 37 38 40 52 57 59 62
6 7 10 14 22 24 25 27 28 29 35 40 45 47 53 59
6 16 17 20 24 32 34 35 37 38 39 45 50 55 57 63
5 11 21 22 25 29 37 39 40 42 43 44 50 55 60 62
1 3 15 20 22 25 28 35 36 39 51 52 56 58 62 63
10 11 15 17 21 22 23 25 37 42 44 47 50 57 58 61
10 19 20 21 24 29 30 33 36 41 43 45 49 50 52 58
1 2 5 9 17 19 20 22 23 24 30 35 40 42 48 54
4 14 15 18 22 30 32 33 35 36 37 43 48 53 55 61
1 7 17 18 21 25 33 35 36 38 39 40 46 51 56 58
3 5 7 11 12 14 20 35 44 45 46 49 54 55 58 61
1 11 12 15 19 27 29 30 32 33 34 40 45 50 52 58
2 5 8 15 16 19 31 32 36 38 42 43 44 46 58 63
5 7 13 19 29 30 33 37 45 47 48 50 51 52 58 63
