127 63
23 26
1 3 4 4 7 3 4 3 4 5 4 1 1 1 1 5 4 6 1 9 1 2 1 2 3 4 1 2 8 10 5 7 7 5 1 5 6 8 8 11 10 7 10 10 9 3 7 12 13 11 12 12 16 12 14 18 13 5 12 20 14 18 13 18 17 17 14 16 15 23 20 20 16 21 20 19 17 12 20 23 13 19 21 13 17 19 18 18 16 20 19 14 10 20 15 21 19 12 18 13 14 9 9 17 16 18 13 15 12 19 16 12 15 18 8 13 15 11 11 11 10 7 5 3 6 11 4
22 22 22 22 22 22 22 22 22 22 22 22 22 22 22 22 22 22 22 22 22 22 22 22 22 22 22 22 22 22 22 22 22 22 22 22 22 22 22 22 22 22 22 22 22 22 22 22 22 22 22 24 22 22 24 22 24 22 26 24 22 24 22
1 0 0 0 0 0 0 0 0 0 0 0 0 0 0 0 0 0 0 0 0 0 0
2 10 53 0 0 0 0 0 0 0 0 0 0 0 0 0 0 0 0 0 0 0 0
3 10 14 46 0 0 0 0 0 0 0 0 0 0 0 0 0 0 0 0 0 0 0
4 15 26 59 0 0 0 0 0 0 0 0 0 0 0 0 0 0 0 0 0 0 0
5 12 23 41 42 44 46 0 0 0 0 0 0 0 0 0 0 0 0 0 0 0 0
6 17 31 0 0 0 0 0 0 0 0 0 0 0 0 0 0 0 0 0 0 0 0
7 34 53 55 0 0 0 0 0 0 0 0 0 0 0 0 0 0 0 0 0 0 0
8 25 38 0 0 0 0 0 0 0 0 0 0 0 0 0 0 0 0 0 0 0 0
9 30 41 53 0 0 0 0 0 0 0 0 0 0 0 0 0 0 0 0 0 0 0
3 21 41 60 63 0 0 0 0 0 0 0 0 0 0 0 0 0 0 0 0 0 0
11 45 52 58 0 0 0 0 0 0 0 0 0 0 0 0 0 0 0 0 0 0 0
12 0 0 0 0 0 0 0 0 0 0 0 0 0 0 0 0 0 0 0 0 0 0
13 0 0 0 0 0 0 0 0 0 0 0 0 0 0 0 0 0 0 0 0 0 0
14 0 0 0 0 0 0 0 0 0 0 0 0 0 0 0 0 0 0 0 0 0 0
15 0 0 0 0 0 0 0 0 0 0 0 0 0 0 0 0 0 0 0 0 0 0
16 24 27 29 31 0 0 0 0 0 0 0 0 0 0 0 0 0 0 0 0 0 0
6 8 25 38 0 0 0 0 0 0 0 0 0 0 0 0 0 0 0 0 0 0 0
4 9 18 35 47 49 0 0 0 0 0 0 0 0 0 0 0 0 0 0 0 0 0
19 0 0 0 0 0 0 0 0 0 0 0 0 0 0 0 0 0 0 0 0 0 0
20 40 49 51 54 55 59 60 63 0 0 0 0 0 0 0 0 0 0 0 0 0 0
21 0 0 0 0 0 0 0 0 0 0 0 0 0 0 0 0 0 0 0 0 0 0
22 38 0 0 0 0 0 0 0 0 0 0 0 0 0 0 0 0 0 0 0 0 0
23 0 0 0 0 0 0 0 0 0 0 0 0 0 0 0 0 0 0 0 0 0 0
24 51 0 0 0 0 0 0 0 0 0 0 0 0 0 0 0 0 0 0 0 0 0
8 16 57 0 0 0 0 0 0 0 0 0 0 0 0 0 0 0 0 0 0 0 0
9 18 37 60 0 0 0 0 0 0 0 0 0 0 0 0 0 0 0 0 0 0 0
27 0 0 0 0 0 0 0 0 0 0 0 0 0 0 0 0 0 0 0 0 0 0
7 28 0 0 0 0 0 0 0 0 0 0 0 0 0 0 0 0 0 0 0 0 0
8 13 20 35 40 45 51 59 0 0 0 0 0 0 0 0 0 0 0 0 0 0 0
5 7 9 32 33 38 47 54 55 60 0 0 0 0 0 0 0 0 0 0 0 0 0
8 22 29 37 59 0 0 0 0 0 0 0 0 0 0 0 0 0 0 0 0 0 0
7 9 36 51 52 57 63 0 0 0 0 0 0 0 0 0 0 0 0 0 0 0 0
5 16 25 33 37 58 59 0 0 0 0 0 0 0 0 0 0 0 0 0 0 0 0
4 7 19 45 55 0 0 0 0 0 0 0 0 0 0 0 0 0 0 0 0 0 0
7 0 0 0 0 0 0 0 0 0 0 0 0 0 0 0 0 0 0 0 0 0 0
3 13 30 55 58 0 0 0 0 0 0 0 0 0 0 0 0 0 0 0 0 0 0
13 16 20 28 40 44 0 0 0 0 0 0 0 0 0 0 0 0 0 0 0 0 0
7 12 13 24 30 33 37 51 0 0 0 0 0 0 0 0 0 0 0 0 0 0 0
13 16 22 29 37 39 46 61 0 0 0 0 0 0 0 0 0 0 0 0 0 0 0
5 7 8 18 32 40 43 48 53 59 60 0 0 0 0 0 0 0 0 0 0 0 0
2 4 7 9 20 23 25 36 40 62 0 0 0 0 0 0 0 0 0 0 0 0 0
3 5 19 32 55 57 61 0 0 0 0 0 0 0 0 0 0 0 0 0 0 0 0
3 5 13 20 22 24 40 43 50 57 0 0 0 0 0 0 0 0 0 0 0 0 0
1 7 12 25 26 37 55 58 61 62 0 0 0 0 0 0 0 0 0 0 0 0 0
12 18 22 28 31 37 56 57 60 0 0 0 0 0 0 0 0 0 0 0 0 0 0
2 3 56 0 0 0 0 0 0 0 0 0 0 0 0 0 0 0 0 0 0 0 0
1 2 23 32 33 37 63 0 0 0 0 0 0 0 0 0 0 0 0 0 0 0 0
2 10 12 16 29 39 40 42 43 52 59 60 0 0 0 0 0 0 0 0 0 0 0
1 5 11 17 24 26 28 31 36 37 48 58 62 0 0 0 0 0 0 0 0 0 0
1 4 11 31 34 37 40 46 51 52 53 0 0 0 0 0 0 0 0 0 0 0 0
10 18 19 26 28 29 42 45 47 53 59 61 0 0 0 0 0 0 0 0 0 0 0
3 13 14 17 20 33 44 47 50 53 59 62 0 0 0 0 0 0 0 0 0 0 0
2 4 5 10 11 14 15 23 24 34 36 42 49 58 59 60 0 0 0 0 0 0 0
12 15 17 19 22 24 29 33 42 44 45 62 0 0 0 0 0 0 0 0 0 0 0
1 6 8 13 17 18 30 34 36 37 41 46 51 63 0 0 0 0 0 0 0 0 0
6 7 9 13 14 18 25 26 34 37 39 45 46 47 56 60 61 62 0 0 0 0 0
15 19 26 29 32 40 43 44 47 48 58 59 62 0 0 0 0 0 0 0 0 0 0
7 8 41 44 53 0 0 0 0 0 0 0 0 0 0 0 0 0 0 0 0 0 0
3 6 8 9 21 23 29 30 42 46 54 56 0 0 0 0 0 0 0 0 0 0 0
5 9 10 13 17 19 21 28 31 33 39 40 41 46 49 50 55 56 61 62 0 0 0
11 12 29 30 31 33 34 38 44 46 48 56 57 61 0 0 0 0 0 0 0 0 0
2 4 8 11 19 25 26 30 32 33 37 38 39 43 49 56 57 58 0 0 0 0 0
1 3 9 16 21 26 32 33 38 48 54 57 61 0 0 0 0 0 0 0 0 0 0
1 2 3 8 11 13 14 19 36 43 45 47 50 52 54 55 57 58 0 0 0 0 0
5 8 9 10 11 12 13 14 15 26 27 33 40 44 59 61 63 0 0 0 0 0 0
5 7 9 12 15 16 23 27 30 31 47 49 50 55 57 58 61 0 0 0 0 0 0
2 4 6 14 16 20 23 24 25 26 35 41 42 45 0 0 0 0 0 0 0 0 0
5 6 14 15 17 23 24 26 29 35 37 40 42 45 58 62 0 0 0 0 0 0 0
2 5 8 10 15 17 18 22 24 25 27 33 34 51 57 0 0 0 0 0 0 0 0
1 3 4 5 6 8 9 10 11 16 18 20 25 34 37 43 44 52 57 58 60 61 63
2 5 6 9 18 19 20 21 23 24 31 35 39 43 46 51 52 53 61 63 0 0 0
1 3 8 10 12 13 16 21 22 29 31 40 41 43 46 48 53 59 60 61 0 0 0
3 4 5 8 9 11 14 16 18 22 26 29 31 43 49 59 0 0 0 0 0 0 0
1 3 5 9 10 12 15 20 21 23 25 26 31 33 42 46 49 52 53 54 60 0 0
2 3 7 8 10 12 13 17 19 21 28 31 33 40 43 45 50 54 57 60 0 0 0
3 6 7 9 11 12 14 19 20 22 30 32 34 40 41 42 51 56 63 0 0 0 0
8 12 15 16 17 20 27 33 38 41 46 47 49 51 52 53 59 0 0 0 0 0 0
7 9 12 16 22 25 27 28 34 42 52 60 0 0 0 0 0 0 0 0 0 0 0
1 6 8 10 11 14 17 22 24 28 29 30 35 36 41 43 46 55 62 63 0 0 0
1 2 4 7 9 10 11 13 15 16 21 23 24 26 27 31 34 35 40 49 54 62 63
1 3 10 16 18 20 23 25 27 30 33 41 56 0 0 0 0 0 0 0 0 0 0
6 14 18 19 20 23 25 28 32 33 35 36 41 44 46 49 52 59 63 0 0 0 0
2 4 12 14 15 16 21 22 24 35 36 38 42 45 47 51 53 58 59 60 61 0 0
1 15 17 20 22 23 24 28 42 43 47 51 55 0 0 0 0 0 0 0 0 0 0
6 8 16 17 18 20 24 28 31 34 42 43 45 49 52 54 61 0 0 0 0 0 0
4 6 8 9 17 18 21 22 24 26 27 34 36 39 41 51 52 54 59 0 0 0 0
7 8 9 11 16 18 20 22 34 37 40 41 43 48 54 61 62 63 0 0 0 0 0
9 11 13 18 25 26 35 36 38 41 42 46 52 54 55 58 60 63 0 0 0 0 0
3 17 20 21 22 23 25 27 28 33 36 38 39 44 47 54 0 0 0 0 0 0 0
1 13 14 21 24 28 30 31 34 39 40 44 45 48 50 51 52 55 59 62 0 0 0
4 11 12 13 14 15 20 22 25 35 37 43 44 47 48 51 52 58 63 0 0 0 0
7 10 15 18 23 27 28 38 43 46 47 49 56 60 0 0 0 0 0 0 0 0 0
6 16 22 28 32 36 39 50 57 62 0 0 0 0 0 0 0 0 0 0 0 0 0
3 6 10 11 14 16 25 29 35 36 42 44 47 48 50 53 54 55 56 59 0 0 0
2 3 15 16 17 27 28 32 39 45 47 53 56 61 63 0 0 0 0 0 0 0 0
2 4 5 10 12 23 27 30 32 34 36 37 38 39 40 45 47 48 53 55 60 0 0
4 6 7 12 14 19 20 21 24 28 31 32 35 36 48 50 56 61 62 0 0 0 0
4 15 20 21 23 24 30 35 47 49 51 59 0 0 0 0 0 0 0 0 0 0 0
11 18 20 22 25 28 29 36 38 40 41 43 50 54 56 58 62 63 0 0 0 0 0
6 11 18 22 31 39 49 50 51 55 59 61 63 0 0 0 0 0 0 0 0 0 0
2 11 21 22 29 30 36 37 38 39 41 48 55 62 0 0 0 0 0 0 0 0 0
2 14 19 29 37 45 48 53 57 0 0 0 0 0 0 0 0 0 0 0 0 0 0
3 14 15 27 29 36 38 39 41 0 0 0 0 0 0 0 0 0 0 0 0 0 0
1 10 14 15 19 21 25 27 32 38 39 48 49 50 53 54 63 0 0 0 0 0 0
5 6 12 15 19 23 25 26 28 35 38 44 48 50 52 57 0 0 0 0 0 0 0
4 6 10 19 28 29 30 31 33 35 37 38 39 40 45 49 58 59 0 0 0 0 0
2 6 7 27 28 30 31 32 44 48 50 53 55 0 0 0 0 0 0 0 0 0 0
1 3 5 30 32 38 39 42 46 49 50 52 55 60 62 0 0 0 0 0 0 0 0
5 10 11 13 17 19 21 26 31 35 36 48 0 0 0 0 0 0 0 0 0 0 0
1 2 4 12 21 24 27 29 33 34 36 39 44 50 52 53 56 57 62 0 0 0 0
5 21 23 25 29 30 31 32 36 41 44 47 48 54 60 62 0 0 0 0 0 0 0
1 14 18 33 35 42 45 46 50 55 56 60 0 0 0 0 0 0 0 0 0 0 0
1 15 17 19 23 37 38 41 46 49 51 52 55 57 58 0 0 0 0 0 0 0 0
1 19 26 33 34 42 44 45 47 50 51 54 55 56 57 58 59 62 0 0 0 0 0
6 17 24 27 30 32 49 56 0 0 0 0 0 0 0 0 0 0 0 0 0 0 0
4 27 34 39 40 41 42 43 45 52 55 58 61 0 0 0 0 0 0 0 0 0 0
2 17 18 27 30 32 35 39 42 44 48 52 56 57 60 0 0 0 0 0 0 0 0
17 32 34 35 39 42 46 47 48 49 56 0 0 0 0 0 0 0 0 0 0 0 0
17 21 26 29 30 34 35 38 48 56 62 0 0 0 0 0 0 0 0 0 0 0 0
7 13 26 34 43 49 50 53 54 61 62 0 0 0 0 0 0 0 0 0 0 0 0
4 32 45 50 51 52 54 57 59 61 0 0 0 0 0 0 0 0 0 0 0 0 0
13 19 43 44 50 59 63 0 0 0 0 0 0 0 0 0 0 0 0 0 0 0 0
51 54 57 58 60 0 0 0 0 0 0 0 0 0 0 0 0 0 0 0 0 0 0
26 43 57 0 0 0 0 0 0 0 0 0 0 0 0 0 0 0 0 0 0 0 0
2 10 27 46 54 63 0 0 0 0 0 0 0 0 0 0 0 0 0 0 0 0 0
4 32 44 45 47 52 56 57 58 60 62 0 0 0 0 0 0 0 0 0 0 0 0
11 35 53 63 0 0 0 0 0 0 0 0 0 0 0 0 0 0 0 0 0 0 0
1 44 47 49 50 55 63 64 70 72 74 79 80 81 84 90 104 108 110 112 113 114 0 0 0 0
2 41 46 47 48 53 62 64 67 69 71 75 80 83 95 96 101 102 107 110 117 125 0 0 0 0
3 10 36 42 43 46 52 59 63 64 70 72 73 74 75 76 81 89 94 95 103 108 0 0 0 0
4 18 34 41 50 53 62 67 70 73 80 83 86 91 96 97 98 106 110 116 121 126 0 0 0 0
5 30 33 40 42 43 49 53 60 65 66 68 69 70 71 73 74 96 105 108 109 111 0 0 0 0
6 17 55 56 59 67 68 70 71 76 79 82 85 86 93 94 97 100 105 106 107 115 0 0 0 0
7 28 30 32 34 35 38 40 41 44 56 58 66 75 76 78 80 87 92 97 107 120 0 0 0 0
8 17 25 29 31 40 55 58 59 62 64 65 69 70 72 73 75 77 79 85 86 87 0 0 0 0
9 18 26 30 32 41 56 59 60 63 65 66 70 71 73 74 76 78 80 86 87 88 0 0 0 0
2 3 48 51 53 60 65 69 70 72 74 75 79 80 81 92 94 96 104 106 109 125 0 0 0 0
11 49 50 53 61 62 64 65 70 73 76 79 80 87 88 91 94 99 100 101 109 127 0 0 0 0
5 12 38 44 45 48 54 61 65 66 72 74 75 76 77 78 83 91 96 97 105 110 0 0 0 0
13 29 36 37 38 39 43 52 55 56 60 64 65 72 75 80 88 90 91 109 120 122 0 0 0 0
3 14 52 53 56 64 65 67 68 73 76 79 82 83 90 91 94 97 102 103 104 112 0 0 0 0
4 15 53 54 57 65 66 68 69 74 77 80 83 84 91 92 95 98 103 104 105 113 0 0 0 0
16 25 33 37 39 48 63 66 67 70 72 73 77 78 80 81 83 85 87 93 94 95 0 0 0 0
6 49 52 54 55 60 68 69 75 77 79 84 85 86 89 95 109 113 115 117 118 119 0 0 0 0
18 26 40 45 51 55 56 69 70 71 73 81 82 85 86 87 88 92 99 100 112 117 0 0 0 0
19 34 42 51 54 57 60 62 64 71 75 76 82 97 102 104 105 106 109 113 114 122 0 0 0 0
20 29 37 41 43 52 67 70 71 74 76 77 81 82 84 85 87 89 91 97 98 99 0 0 0 0
10 21 59 60 63 71 72 74 75 80 83 86 89 90 97 98 101 104 109 110 111 119 0 0 0 0
22 31 39 43 45 54 69 72 73 76 78 79 83 84 86 87 89 91 93 99 100 101 0 0 0 0
5 23 41 47 53 59 66 67 68 71 74 80 81 82 84 89 92 96 98 105 111 113 0 0 0 0
16 24 38 43 49 53 54 67 68 69 71 79 80 83 84 85 86 90 97 98 110 115 0 0 0 0
8 17 33 41 44 56 62 67 69 70 74 78 81 82 88 89 91 94 99 104 105 111 0 0 0 0
4 44 49 51 56 57 62 63 65 67 68 73 74 80 86 88 105 109 114 119 120 124 0 0 0 0
16 27 65 66 69 77 78 80 81 86 89 92 95 96 103 104 107 110 115 116 117 125 0 0 0 0
28 37 45 49 51 60 75 78 79 82 84 85 89 90 92 93 95 97 99 105 106 107 0 0 0 0
16 31 39 48 51 54 57 59 61 68 72 73 79 94 99 101 102 103 106 110 111 119 0 0 0 0
9 36 38 55 59 61 62 66 76 79 81 90 96 98 101 106 107 108 111 115 117 119 0 0 0 0
6 16 45 49 50 60 61 66 71 72 73 74 75 80 85 90 97 100 106 107 109 111 0 0 0 0
30 40 42 47 57 62 63 76 82 93 95 96 97 104 107 108 111 115 117 118 121 126 0 0 0 0
30 33 38 47 52 54 60 61 62 63 65 69 74 75 77 81 82 89 106 110 112 114 0 0 0 0
7 50 53 55 56 61 69 70 76 78 80 85 86 87 90 96 110 114 116 118 119 120 0 0 0 0
18 29 67 68 71 79 80 82 83 88 91 94 97 98 105 106 109 112 117 118 119 127 0 0 0 0
32 41 49 53 55 64 79 82 83 86 88 89 93 94 96 97 99 101 103 109 110 111 0 0 0 0
26 31 33 38 39 44 45 47 49 50 55 56 62 68 70 87 91 96 101 102 106 113 0 0 0 0
8 17 22 30 61 62 63 77 83 88 89 92 96 99 101 103 104 105 106 108 113 119 0 0 0 0
39 48 56 60 62 71 86 89 90 93 95 96 100 101 103 104 106 108 110 116 117 118 0 0 0 0
20 29 37 40 41 43 48 50 57 60 65 68 72 75 76 80 87 90 96 99 106 116 0 0 0 0
5 9 10 55 58 60 67 72 76 77 79 81 82 86 87 88 99 101 103 111 113 116 0 0 0 0
5 48 51 53 54 59 67 68 74 76 78 83 84 85 88 94 108 112 114 116 117 118 0 0 0 0
40 43 48 57 62 64 70 71 72 73 75 79 84 85 87 91 92 99 116 120 122 124 0 0 0 0
5 37 52 54 57 58 61 65 70 82 89 90 91 94 105 107 110 111 114 117 122 126 0 0 0 0
11 29 34 51 54 56 64 67 68 75 83 85 90 95 96 102 106 112 114 116 121 126 0 0 0 0
3 5 39 50 55 56 59 60 61 71 72 74 77 79 82 88 92 108 112 113 118 125 0 0 0 0
18 30 51 52 56 57 64 66 77 83 84 89 91 92 94 95 96 98 111 114 118 126 0 0 0 0
40 49 57 61 63 72 87 90 91 94 96 97 101 102 104 105 107 109 111 117 118 119 0 0 0 0
18 20 53 60 62 66 73 74 77 80 82 85 92 98 100 104 106 108 113 115 118 120 0 0 0 0
43 52 60 64 66 75 90 93 94 97 99 100 104 105 107 108 110 112 114 120 121 122 0 0 0 0
20 24 29 32 38 50 55 69 71 76 77 83 84 86 90 91 98 100 113 114 121 123 0 0 0 0
11 32 48 50 64 70 71 74 77 78 82 85 86 88 90 91 105 108 110 113 116 117 121 126 0 0
2 7 9 40 50 51 52 58 71 72 74 77 83 94 95 96 102 104 107 110 120 127 0 0 0 0
20 30 59 63 64 74 75 80 85 86 87 88 89 94 99 104 111 114 120 121 123 125 0 0 0 0
7 20 30 34 36 42 44 60 64 66 79 84 88 90 94 96 100 101 107 108 112 113 114 116 0 0
45 46 56 59 60 61 62 76 81 92 94 95 97 99 110 112 114 115 117 118 119 126 0 0 0 0
25 32 42 43 45 61 62 63 64 66 69 70 75 93 102 105 110 113 114 117 121 123 124 126 0 0
11 33 36 44 49 53 57 62 64 66 68 70 83 88 91 99 106 113 114 116 123 126 0 0 0 0
4 20 29 31 33 40 48 51 52 53 57 65 72 73 77 82 83 86 90 94 98 100 106 114 121 122
10 20 26 30 40 45 48 53 56 70 72 74 75 78 83 88 92 96 108 111 112 117 123 126 0 0
39 42 44 51 56 60 61 63 65 66 70 71 72 83 85 87 95 97 100 116 120 121 0 0 0 0
41 44 49 52 54 56 57 60 68 79 80 87 90 93 97 99 101 108 110 111 114 119 120 126 0 0
10 20 32 47 55 65 70 71 76 79 80 82 87 88 91 95 99 100 104 122 125 127 0 0 0 0
